bird 821 2050 809 1856 652 1523 573 1142 858 1469 1076 1747 1124 1366 1221 863 1330 1384 1366 1681 1493 1360 1742 906 1675 1457 1578 1826 1833 1590 2226 1293 1996 1717 1808 1977 1681 2347 1972 2244 2341 2268 2002 2492 1645 2704
bird 1047 2035 947 1951 743 1827 403 1490 819 1659 1043 1751 871 1474 527 946 955 1290 1099 1430 971 1182 723 638 1143 1078 1332 1358 1243 1026 1135 494 1432 982 1552 1250 1776 1498 1800 1218 1928 854 2000 1150 2036 1406
bird 616 1798 610 1606 538 1342 472 886 718 1300 886 1534 1000 1192 1186 694 1192 1210 1168 1504 1366 1162 1654 766 1528 1294 1366 1666 1666 1432 2062 1162 1774 1624 1552 1876 1432 2176 1840 2212 2122 2362 1726 2446 1408 2566
bird 895 1827 811 1719 623 1582 311 1242 731 1434 1011 1526 907 1202 743 658 1091 1106 1215 1338 1191 1022 1167 418 1404 990 1480 1358 1596 1026 1804 538 1804 1046 1752 1370 1820 1735 2064 1546 2396 1366 2252 1679 2084 1895
bird 472 1576 556 1390 586 1114 754 730 760 1138 802 1426 1036 1156 1444 760 1240 1186 1084 1486 1354 1252 1798 952 1492 1384 1216 1678 1570 1552 2044 1438 1660 1756 1318 1948 1132 2170 1450 2140 1762 2242 1420 2404 1090 2500
cat 634 2032 604 1864 508 1588 460 1144 700 1534 826 1732 814 1366 868 736 1018 1276 1072 1576 1120 1168 1192 574 1360 1168 1384 1594 1510 1270 1720 748 1762 1270 1660 1666 1720 2128 1972 1912 2356 1798 2158 2158 1912 2494
cat 555 1943 523 1799 447 1598 367 1126 643 1530 759 1735 723 1366 759 730 935 1302 1015 1578 1031 1218 1095 562 1288 1218 1304 1590 1464 1266 1744 770 1724 1310 1596 1651 1704 2167 1920 1951 2276 1807 2112 2159 1920 2371
cat 532 2026 514 1810 436 1540 394 1126 610 1480 736 1714 748 1312 808 748 958 1264 1018 1606 1072 1174 1192 616 1324 1222 1306 1636 1486 1282 1726 826 1714 1378 1582 1756 1636 2236 1900 2008 2266 1936 2026 2314 1780 2578
cat 568 2038 538 1828 436 1552 382 1120 616 1480 778 1708 772 1318 868 718 964 1276 1030 1576 1096 1132 1198 574 1342 1132 1330 1618 1492 1276 1750 796 1726 1414 1618 1696 1618 2146 1912 1948 2302 1876 1984 2278 1714 2614
cat 635 1959 607 1819 511 1582 443 1138 711 1522 859 1751 843 1422 883 750 1055 1366 1119 1614 1143 1266 1215 614 1400 1274 1420 1655 1556 1342 1812 830 1792 1394 1684 1735 1760 2251 1988 2035 2340 1931 2156 2263 1948 2435
chicken 274 1660 346 1480 382 1180 574 706 610 1168 604 1486 790 1084 1078 508 1024 1156 952 1462 1198 1114 1642 652 1456 1258 1210 1678 1516 1420 1966 1048 1726 1600 1432 1900 1288 2320 1570 2260 2002 2170 1744 2488 1396 2770
chicken 620 1960 617 1801 508 1527 450 993 721 1447 878 1700 857 1256 926 565 1117 1216 1173 1516 1231 1096 1484 469 1516 1126 1476 1572 1614 1205 1875 676 1896 1267 1782 1660 1832 2138 2024 1867 2351 1607 2276 2029 2103 2476
chicken 418 1744 424 1516 370 1234 394 760 580 1204 688 1498 748 1036 856 412 988 1024 1012 1390 1198 958 1474 418 1456 1018 1336 1516 1576 1198 1912 736 1804 1330 1612 1648 1546 2152 1858 1996 2236 1870 2032 2218 1660 2626
chicken 569 1970 567 1831 467 1525 410 987 676 1453 788 1684 748 1227 768 564 991 1155 1048 1473 1063 1059 1215 405 1339 1056 1359 1505 1490 1121 1721 574 1768 1178 1681 1555 1771 2017 1965 1771 2302 1478 2228 1908 2089 2345
chicken 436 1738 502 1504 478 1168 598 718 706 1168 772 1492 910 1018 1120 472 1156 1036 1102 1432 1306 1042 1660 538 1576 1144 1378 1624 1684 1330 2056 922 1876 1510 1654 1804 1510 2308 1864 2146 2230 2080 1984 2392 1540 2764
dog 544 2008 544 1828 466 1534 472 1066 676 1474 760 1720 784 1306 868 736 1048 1300 1060 1606 1132 1204 1276 676 1390 1246 1354 1660 1468 1348 1678 880 1708 1450 1600 1810 1576 2218 1894 2038 2230 1954 2062 2266 1738 2620
dog 600 2047 575 1907 467 1662 382 1165 650 1545 805 1752 752 1385 767 758 992 1320 1049 1607 1062 1242 1172 628 1337 1235 1337 1627 1404 1300 1597 768 1676 1350 1629 1679 1669 2109 1966 1992 2358 1792 2174 2164 1969 2471
dog 602 1862 575 1714 457 1482 342 995 652 1375 812 1575 780 1182 807 563 1024 1125 1097 1410 1127 1052 1267 453 1404 1075 1394 1457 1494 1135 1719 630 1759 1217 1681 1527 1699 1987 2014 1829 2411 1707 2209 2042 1979 2349
dog 448 1984 466 1786 376 1498 328 1012 580 1384 700 1654 754 1270 886 688 1006 1228 1036 1576 1180 1204 1420 700 1426 1246 1312 1678 1468 1378 1708 946 1696 1438 1558 1804 1492 2272 1852 2164 2230 2134 1978 2410 1600 2680
dog 514 1906 526 1672 472 1384 502 934 676 1324 748 1612 802 1228 916 634 1060 1180 1054 1504 1192 1096 1402 616 1432 1210 1336 1606 1486 1258 1738 838 1708 1378 1582 1744 1528 2176 1876 2044 2242 2002 2014 2278 1606 2596
dolphin 557 1828 540 1678 448 1445 369 929 646 1370 776 1616 769 1193 854 574 1001 1169 1035 1462 1087 1059 1234 458 1333 1070 1322 1476 1449 1124 1691 605 1688 1189 1606 1534 1633 1965 1920 1763 2262 1538 2129 1883 1927 2135
dolphin 574 1801 581 1647 526 1397 547 895 731 1360 810 1626 837 1186 981 598 1076 1175 1076 1490 1138 1087 1309 502 1380 1107 1333 1524 1473 1158 1722 666 1712 1240 1616 1609 1661 2050 1985 1886 2340 1739 2166 2047 1913 2282
dolphin 626 1732 622 1561 557 1329 523 817 759 1264 878 1534 899 1097 1039 513 1141 1093 1145 1421 1217 1029 1408 441 1462 1059 1425 1462 1541 1117 1780 615 1784 1182 1705 1531 1691 1982 2023 1862 2412 1705 2228 2026 1978 2241
dolphin 544 1903 540 1739 451 1510 373 981 646 1425 793 1674 800 1268 923 639 1046 1264 1046 1544 1121 1155 1319 550 1374 1189 1343 1585 1473 1251 1746 731 1702 1339 1613 1671 1599 2081 1948 1893 2303 1760 2139 2040 1876 2293
dolphin 574 1592 591 1432 561 1172 608 680 769 1138 827 1418 865 984 1015 390 1104 974 1114 1254 1176 851 1363 287 1418 878 1391 1309 1517 943 1787 458 1770 1015 1667 1384 1657 1777 1978 1599 2344 1432 2183 1756 1958 2009
dove 471 1936 490 1817 470 1567 479 1100 661 1546 725 1737 786 1349 945 799 1006 1399 994 1633 1096 1303 1324 764 1327 1344 1243 1714 1411 1410 1695 996 1623 1523 1489 1824 1489 2241 1814 2160 2161 2076 1927 2386 1611 2604
dove 344 1899 370 1801 360 1543 423 1086 554 1511 596 1745 692 1370 894 812 912 1402 878 1665 1003 1349 1274 817 1234 1405 1125 1772 1327 1506 1662 1102 1529 1631 1367 1913 1332 2327 1638 2258 1997 2184 1750 2492 1457 2675
dove 508 2152 502 1990 430 1720 412 1288 616 1666 712 1888 724 1492 820 934 946 1468 970 1756 1036 1390 1192 838 1258 1420 1240 1780 1348 1426 1570 1018 1564 1510 1480 1846 1522 2260 1810 2140 2152 1978 1960 2344 1624 2716
dove 508 1913 530 1761 519 1514 575 1046 708 1455 748 1687 835 1309 1029 767 1064 1317 1027 1601 1138 1280 1383 735 1372 1344 1282 1697 1471 1394 1776 987 1673 1527 1532 1822 1508 2216 1768 2149 2117 1995 1957 2317 1665 2582
dove 496 2224 478 2044 388 1792 340 1354 568 1714 706 1948 694 1516 778 976 910 1486 958 1798 1012 1420 1156 886 1252 1438 1228 1846 1318 1534 1564 1060 1558 1588 1480 1918 1510 2314 1828 2188 2152 2056 1954 2392 1606 2776
dragon 778 2005 701 1851 554 1652 356 1193 681 1543 914 1697 850 1374 743 713 1019 1280 1135 1493 1098 1195 1135 502 1321 1128 1384 1448 1465 1111 1657 542 1694 1121 1669 1401 1739 1836 1930 1553 2183 1265 2136 1620 2084 2042
dragon 323 2188 293 2049 207 1801 174 1312 390 1744 514 1930 487 1575 492 939 681 1505 730 1761 726 1421 807 788 956 1401 976 1756 1093 1424 1344 887 1326 1483 1272 1736 1277 2129 1446 1858 1679 1592 1634 1955 1545 2350
dragon 646 2092 616 1870 526 1594 454 1162 700 1522 844 1762 880 1378 946 802 1078 1336 1108 1612 1174 1222 1342 700 1402 1246 1372 1660 1552 1348 1870 892 1774 1468 1624 1846 1612 2188 1912 2020 2248 1864 2086 2206 1786 2614
dragon 532 1852 526 1666 460 1372 466 940 622 1324 748 1582 814 1198 928 652 1006 1156 1012 1444 1114 1084 1300 562 1318 1126 1240 1522 1474 1222 1804 802 1654 1354 1456 1714 1408 2062 1696 1894 2044 1732 1834 2032 1504 2410
dragon 703 2240 668 2099 559 1868 428 1399 683 1786 865 1972 832 1637 800 982 1001 1545 1086 1786 1081 1458 1158 808 1294 1436 1344 1764 1473 1446 1754 900 1699 1481 1629 1769 1647 2149 1858 1935 2116 1632 2047 1992 1962 2389
duck 677 1972 652 1861 553 1652 448 1228 706 1587 848 1760 814 1394 812 841 995 1360 1055 1603 1021 1267 1055 683 1241 1257 1295 1580 1339 1262 1450 769 1540 1277 1517 1582 1607 1975 1765 1742 2000 1471 1959 1810 1855 2153
duck 547 2015 523 1879 443 1683 319 1238 587 1566 755 1767 743 1426 771 870 959 1390 1003 1647 1047 1330 1175 754 1263 1350 1272 1699 1384 1390 1596 938 1572 1470 1500 1759 1492 2159 1724 2003 1992 1831 1868 2135 1700 2359
duck 749 2091 729 1959 642 1726 586 1294 811 1657 936 1849 915 1463 979 932 1109 1435 1148 1698 1160 1353 1260 794 1375 1351 1396 1708 1452 1397 1597 901 1656 1420 1628 1729 1689 2119 1822 1897 2101 1621 2024 1956 1929 2306
duck 701 2016 654 1853 541 1667 404 1272 696 1598 858 1771 812 1409 794 859 998 1376 1073 1613 1049 1285 1091 696 1264 1252 1315 1598 1357 1301 1494 784 1561 1329 1551 1613 1628 1980 1832 1768 2093 1525 2028 1848 1863 2187
duck 575 1779 579 1647 527 1414 535 990 707 1370 799 1590 827 1214 915 670 1023 1194 1047 1478 1103 1110 1255 570 1312 1134 1284 1522 1416 1190 1620 742 1592 1254 1500 1586 1516 1971 1748 1807 2036 1642 1896 1947 1704 2167
elephant 583 2127 535 1999 387 1819 211 1382 551 1691 775 1859 735 1510 695 898 947 1414 1027 1679 1023 1298 1039 710 1263 1270 1312 1634 1416 1294 1600 802 1656 1350 1612 1687 1716 2083 1968 1907 2344 1739 2172 2079 2008 2303
elephant 568 2098 532 1936 424 1678 388 1246 622 1612 748 1810 670 1450 670 862 904 1366 982 1606 982 1246 1042 658 1240 1216 1276 1534 1342 1222 1504 712 1582 1270 1570 1606 1636 1960 1900 1768 2308 1636 2080 1978 1936 2338
elephant 658 2230 604 2032 418 1792 238 1378 586 1654 808 1804 742 1462 676 874 958 1354 1036 1600 1000 1246 1000 670 1258 1216 1330 1546 1366 1204 1480 694 1624 1318 1642 1624 1732 1930 1960 1708 2356 1558 2158 1942 2008 2320
elephant 599 2059 559 1943 443 1779 295 1318 591 1642 803 1815 775 1450 767 842 995 1350 1051 1602 1051 1258 1095 646 1300 1222 1340 1562 1384 1254 1512 714 1632 1274 1628 1578 1748 1987 1960 1783 2340 1594 2172 1967 2036 2207
elephant 599 2207 551 2063 439 1887 303 1414 607 1771 795 1935 767 1562 779 962 987 1466 1059 1755 1067 1374 1127 782 1328 1330 1360 1711 1440 1362 1616 878 1692 1406 1656 1707 1736 2147 1988 1959 2356 1807 2204 2127 2028 2359
fly 798 1931 783 1829 659 1632 530 1199 796 1543 955 1731 884 1358 859 771 1072 1313 1110 1543 1089 1189 1115 581 1297 1161 1350 1535 1431 1183 1601 690 1621 1204 1586 1551 1641 1903 1798 1647 2059 1361 2014 1703 1938 2002
fly 894 1865 879 1756 773 1528 687 1072 920 1449 1046 1649 1006 1259 1029 685 1188 1239 1218 1454 1221 1095 1279 497 1426 1100 1451 1457 1560 1110 1766 629 1778 1156 1705 1490 1738 1837 1877 1541 2158 1305 2077 1599 1986 1953
fly 626 1774 628 1687 547 1442 519 981 720 1381 823 1604 844 1221 935 647 1036 1219 1049 1475 1099 1105 1267 545 1325 1125 1284 1546 1401 1219 1649 758 1616 1257 1507 1614 1472 2022 1692 1817 2044 1629 1862 1961 1629 2242
fly 877 1964 846 1852 709 1667 552 1219 851 1568 991 1748 907 1373 851 791 1087 1325 1150 1525 1110 1178 1099 586 1325 1173 1386 1528 1431 1168 1581 667 1646 1194 1629 1538 1690 1832 1862 1634 2115 1338 2067 1649 1961 1946
fly 649 1860 651 1748 565 1528 527 1064 740 1447 826 1665 816 1282 887 702 1016 1242 1023 1460 1036 1133 1127 548 1262 1125 1277 1543 1363 1206 1578 733 1565 1257 1484 1617 1497 1979 1687 1751 1996 1492 1864 1852 1715 2138
fox 631 2141 616 2010 527 1838 445 1386 706 1722 817 1895 748 1555 730 957 969 1451 1043 1707 1036 1334 1155 768 1297 1332 1329 1667 1426 1386 1667 919 1644 1461 1595 1724 1659 2059 1935 1947 2277 1731 2143 2092 1922 2345
fox 526 2014 526 1816 454 1570 418 1162 646 1504 760 1720 790 1348 892 808 1018 1306 1036 1588 1150 1192 1390 724 1396 1264 1336 1654 1516 1348 1834 994 1738 1444 1594 1738 1564 2164 1972 2122 2314 2128 2080 2374 1684 2584
fox 532 2015 519 1871 452 1667 425 1235 683 1605 783 1769 768 1446 852 838 1011 1381 1046 1568 1078 1299 1309 721 1339 1317 1349 1617 1470 1389 1830 992 1696 1501 1592 1729 1602 2111 1957 2039 2320 1960 2066 2270 1798 2466
fox 496 1882 520 1624 496 1342 538 964 688 1324 754 1564 844 1180 994 652 1072 1150 1054 1450 1204 1078 1492 604 1456 1108 1354 1528 1576 1258 1954 964 1774 1420 1576 1726 1588 2098 1948 2158 2332 2230 1996 2422 1618 2542
fox 586 1943 581 1821 517 1682 418 1193 726 1570 845 1744 835 1386 922 820 1078 1327 1123 1573 1153 1294 1401 686 1418 1280 1401 1627 1537 1352 1850 962 1746 1466 1632 1749 1649 2104 1984 2074 2359 1982 2111 2273 1838 2449
great_egret 735 1811 701 1681 574 1483 458 1100 721 1384 902 1589 851 1206 844 680 1039 1158 1117 1428 1145 1073 1220 523 1360 1070 1391 1432 1582 1124 1811 711 1777 1199 1650 1503 1702 1917 1965 1766 2293 1667 2135 1913 1951 2108
great_egret 694 1848 649 1705 544 1558 414 1158 680 1445 871 1620 827 1247 841 725 1018 1206 1111 1476 1152 1117 1271 588 1374 1131 1374 1500 1585 1213 1859 824 1760 1302 1609 1592 1650 2029 1951 1937 2317 1872 2108 2094 1913 2245
great_egret 769 1818 721 1681 605 1507 485 1128 748 1415 933 1599 868 1210 844 670 1056 1155 1135 1415 1135 1056 1186 516 1350 1052 1408 1404 1541 1104 1746 632 1753 1162 1674 1479 1777 1876 2002 1674 2313 1575 2173 1821 2019 2050
great_egret 670 1780 639 1647 530 1452 421 1059 663 1360 844 1548 789 1172 789 649 977 1107 1056 1391 1083 1029 1148 509 1288 1025 1319 1411 1418 1114 1568 656 1637 1152 1568 1449 1640 1910 1845 1698 2115 1548 2006 1794 1845 2016
great_egret 670 1965 636 1825 523 1661 397 1261 660 1565 837 1736 776 1357 755 824 964 1295 1046 1565 1063 1206 1138 666 1292 1210 1316 1565 1449 1264 1667 820 1671 1329 1572 1609 1626 2036 1879 1917 2231 1794 2057 2060 1889 2234
leopard 591 1965 557 1825 424 1637 304 1152 585 1517 759 1756 742 1302 783 677 974 1261 1029 1589 1073 1169 1237 543 1319 1189 1319 1568 1442 1240 1674 714 1681 1316 1606 1630 1644 1978 1883 1743 2170 1476 2112 1831 1975 2132
leopard 612 1770 581 1626 451 1415 342 923 632 1305 834 1534 772 1134 776 513 1005 1073 1138 1432 1176 1032 1339 417 1432 1046 1421 1476 1661 1172 2006 752 1886 1268 1691 1596 1609 1971 1886 1784 2241 1609 2094 1954 1869 2197
leopard 704 2077 649 1920 492 1739 311 1281 646 1602 868 1811 735 1404 663 779 964 1305 1117 1626 1141 1193 1271 567 1408 1193 1425 1589 1544 1254 1767 725 1794 1319 1722 1657 1777 1992 2002 1756 2313 1479 2245 1855 2108 2146
leopard 649 1992 605 1835 458 1626 311 1162 626 1524 827 1729 728 1305 711 707 967 1251 1094 1579 1138 1162 1281 543 1387 1169 1398 1572 1555 1247 1811 745 1804 1326 1685 1667 1702 2040 1951 1814 2286 1585 2183 1944 2006 2241
leopard 615 1859 585 1725 451 1520 325 1029 626 1387 848 1626 783 1223 813 595 1022 1165 1117 1527 1193 1131 1377 516 1445 1148 1415 1579 1579 1275 1893 796 1821 1370 1674 1661 1609 2091 1889 1910 2258 1749 2105 2077 1859 2310
lion 682 1457 773 1251 803 948 961 597 961 972 1003 1287 1173 900 1463 470 1360 954 1245 1275 1445 948 1814 470 1663 1021 1475 1426 1796 1202 2238 936 1966 1378 1711 1602 1536 2020 1845 1984 2214 2044 1863 2232 1512 2395
lion 671 1194 739 1074 815 810 1067 430 983 878 955 1126 1187 838 1628 442 1364 914 1215 1198 1516 930 2024 598 1700 1042 1400 1414 1764 1338 2324 1210 1868 1510 1560 1647 1300 1999 1608 2015 1948 2111 1632 2223 1344 2283
lion 476 1608 579 1420 652 1124 906 748 833 1178 809 1433 1045 1051 1427 682 1239 1172 1112 1414 1324 1124 1760 712 1566 1208 1294 1638 1621 1445 2123 1202 1766 1675 1463 1923 1324 2226 1572 2159 1929 2153 1621 2371 1142 2637
lion 795 1294 879 1206 987 978 1292 638 1147 1022 1067 1270 1372 1058 1868 750 1552 1142 1352 1426 1700 1290 2304 1114 1832 1470 1484 1671 1872 1634 2404 1622 1924 1859 1576 1951 1296 2203 1604 2283 1880 2451 1564 2499 1263 2487
lion 643 1534 703 1398 747 1134 979 758 919 1182 911 1430 1091 1138 1504 658 1292 1158 1187 1422 1452 1150 1940 734 1612 1274 1404 1586 1756 1482 2336 1322 1868 1651 1600 1803 1448 2115 1776 2235 2172 2351 1868 2455 1612 2483
pitbull 633 1864 638 1738 575 1541 557 1186 737 1494 831 1708 881 1345 965 833 1061 1361 1064 1578 1158 1264 1325 760 1362 1324 1335 1632 1497 1366 1774 998 1699 1494 1591 1721 1581 2105 1853 2066 2195 1951 2009 2218 1769 2398
pitbull 668 1824 673 1727 625 1558 598 1173 786 1520 869 1698 931 1354 1025 829 1103 1337 1127 1569 1203 1270 1380 759 1391 1316 1361 1639 1542 1415 1856 1017 1749 1512 1614 1725 1593 2155 1913 2106 2243 2039 2018 2305 1770 2470
pitbull 527 1683 547 1546 531 1342 547 978 723 1298 759 1518 835 1154 979 654 1039 1146 1015 1410 1135 1074 1384 610 1368 1122 1280 1482 1500 1210 1808 894 1704 1342 1532 1602 1508 2011 1808 1927 2132 1903 1924 2143 1700 2279
pitbull 531 1703 535 1554 479 1366 447 1014 675 1314 743 1514 791 1178 891 654 999 1158 999 1386 1071 1074 1288 574 1312 1118 1272 1462 1444 1190 1740 834 1664 1310 1524 1578 1536 2015 1792 1935 2128 1879 1948 2139 1728 2291
pitbull 688 1770 666 1636 579 1464 484 1093 748 1372 875 1549 905 1168 999 688 1079 1180 1136 1409 1213 1076 1437 593 1435 1123 1375 1447 1552 1185 1850 815 1758 1305 1641 1506 1624 1895 1920 1862 2264 1763 2059 2059 1853 2241
salmon 522 2093 499 1964 411 1766 312 1221 603 1670 768 1852 742 1480 823 824 1006 1437 1021 1698 1077 1313 1279 690 1355 1328 1302 1698 1398 1338 1657 804 1659 1394 1591 1725 1603 2174 1755 1946 1966 1624 1986 2004 1912 2445
salmon 522 2083 514 1964 441 1705 388 1173 644 1614 768 1822 785 1465 887 814 1044 1437 1039 1657 1097 1290 1267 672 1383 1302 1315 1687 1419 1308 1636 793 1667 1373 1591 1725 1611 2174 1771 1953 1993 1617 1993 2017 1917 2435
salmon 504 1713 469 1586 355 1335 188 824 532 1219 742 1442 813 1037 978 411 1041 1064 1034 1366 1170 968 1441 340 1396 991 1297 1404 1477 1039 1755 512 1717 1107 1581 1460 1489 1971 1717 1725 1986 1422 1887 1877 1720 2316
salmon 532 2004 512 1867 438 1639 352 1118 633 1558 775 1774 780 1406 912 743 1046 1394 1046 1647 1115 1270 1332 611 1398 1275 1322 1655 1449 1300 1697 755 1705 1313 1619 1675 1619 2164 1763 1918 1996 1586 1968 2007 1882 2445
salmon 481 1844 512 1677 487 1437 535 874 677 1409 735 1639 801 1282 970 598 1051 1262 1026 1561 1173 1153 1391 515 1388 1194 1287 1553 1446 1209 1735 664 1692 1287 1545 1591 1492 2110 1659 1824 1948 1535 1872 1951 1695 2417
seahorse 619 1801 561 1678 438 1538 233 1148 578 1425 810 1568 820 1186 895 591 1039 1155 1111 1445 1189 1114 1391 533 1418 1141 1387 1538 1637 1261 1999 892 1835 1363 1633 1671 1596 2146 1995 2125 2409 2081 2142 2320 1866 2477
seahorse 561 1773 513 1637 383 1462 233 1056 564 1339 742 1524 728 1138 786 543 974 1083 1039 1370 1066 1018 1199 441 1316 1029 1326 1462 1483 1165 1794 728 1719 1237 1589 1561 1572 2057 1896 1947 2279 1818 2105 2091 1876 2303
seahorse 636 1992 561 1831 427 1664 260 1257 598 1534 783 1702 813 1305 885 704 1059 1268 1114 1538 1162 1210 1346 608 1421 1216 1384 1616 1562 1305 1869 882 1794 1377 1667 1695 1715 2255 2091 2183 2498 2146 2231 2402 1975 2579
seahorse 554 1736 503 1606 339 1442 127 1042 485 1305 752 1466 735 1090 755 492 957 1049 1063 1346 1124 1008 1302 444 1353 1039 1326 1456 1620 1230 2019 892 1814 1329 1585 1623 1544 2197 1992 2402 2368 2576 2033 2627 1702 2593
seahorse 526 1893 496 1746 414 1561 315 1145 578 1483 704 1681 759 1278 878 684 991 1268 1015 1538 1073 1203 1264 612 1302 1230 1278 1633 1510 1363 1876 977 1715 1459 1524 1763 1514 2252 1855 2163 2269 2070 2047 2316 1777 2508
sheep 772 1719 748 1575 649 1367 550 957 789 1295 977 1500 994 1162 1015 622 1172 1134 1223 1408 1275 1090 1350 581 1456 1093 1476 1486 1555 1186 1681 755 1746 1216 1719 1551 1691 2057 1879 1893 2176 1787 2057 2033 1862 2248
sheep 735 2047 748 1903 704 1695 725 1278 871 1657 943 1869 967 1510 1063 940 1172 1469 1189 1763 1230 1404 1357 878 1469 1418 1445 1828 1531 1503 1712 1056 1749 1558 1661 1896 1647 2269 1848 2077 2139 1927 2040 2234 1872 2463
sheep 704 1746 684 1592 598 1397 561 970 762 1322 899 1524 916 1162 991 612 1131 1131 1162 1425 1199 1066 1316 530 1442 1090 1418 1466 1510 1152 1698 711 1743 1210 1661 1541 1644 1889 1811 1715 2118 1589 2019 1879 1852 2105
sheep 759 1637 735 1486 632 1292 557 868 789 1213 967 1428 1008 1042 1117 520 1199 1046 1234 1367 1326 1018 1466 479 1531 1042 1507 1459 1654 1152 1900 748 1855 1220 1743 1527 1640 1995 1876 1883 2238 1770 2040 2012 1825 2187
sheep 748 1712 731 1568 639 1357 598 940 810 1298 971 1517 1032 1158 1172 619 1223 1162 1234 1479 1339 1152 1517 612 1541 1196 1476 1585 1644 1298 1910 885 1842 1380 1712 1681 1599 2094 1852 1982 2200 1920 1999 2125 1763 2293
tiger 646 1978 562 1756 352 1492 226 1120 538 1420 832 1618 718 1240 658 664 946 1150 1084 1468 1114 1024 1174 460 1336 1000 1396 1450 1594 1102 1846 634 1816 1186 1654 1486 1654 1888 1954 1768 2368 1630 2146 1954 1780 2326
tiger 625 2214 577 2094 437 1889 278 1397 570 1772 785 1979 720 1615 647 963 920 1485 1024 1737 1012 1362 1047 735 1212 1342 1292 1694 1444 1350 1671 808 1661 1385 1569 1707 1626 2042 1899 1834 2209 1597 2134 1917 1969 2349
tiger 645 2074 575 1917 415 1714 240 1255 587 1620 827 1807 732 1452 622 823 940 1347 1074 1605 1102 1212 1189 578 1349 1182 1369 1577 1577 1232 1851 733 1814 1330 1689 1642 1719 1957 2021 1764 2368 1612 2214 1949 2004 2309
tiger 610 1996 532 1774 364 1468 286 1084 568 1426 784 1684 712 1282 676 712 928 1210 1024 1510 1072 1066 1144 514 1312 1084 1348 1498 1534 1090 1744 640 1744 1204 1636 1546 1684 1924 2014 1720 2314 1612 2116 1966 1780 2320
tiger 762 2064 702 1929 552 1729 370 1232 702 1582 935 1779 815 1420 697 808 1034 1327 1177 1592 1199 1152 1272 568 1442 1170 1492 1557 1654 1212 1904 703 1896 1277 1784 1585 1826 1967 2094 1787 2441 1565 2301 1939 2124 2277
white_tiger 789 1745 794 1632 704 1434 676 1006 859 1350 977 1547 963 1241 1029 686 1151 1204 1180 1453 1236 1100 1321 563 1436 1106 1432 1518 1600 1162 1800 710 1768 1210 1652 1558 1636 2003 1960 1895 2324 1751 2064 2035 1880 2203
white_tiger 707 1747 711 1610 667 1382 715 974 851 1358 923 1554 959 1190 1103 690 1163 1230 1159 1482 1223 1154 1360 602 1440 1178 1392 1574 1584 1238 1856 818 1788 1302 1620 1671 1588 2123 1864 2007 2236 1871 2012 2131 1788 2303
white_tiger 544 1832 521 1698 422 1469 372 1041 576 1409 703 1561 676 1250 718 683 865 1210 897 1432 902 1091 930 526 1119 1081 1144 1459 1273 1116 1472 623 1487 1153 1405 1439 1440 1880 1821 1748 2181 1658 1987 1885 1718 2153
white_tiger 727 1951 731 1847 655 1598 647 1150 831 1538 943 1703 963 1362 1107 862 1171 1366 1167 1634 1243 1294 1388 766 1464 1322 1412 1723 1612 1378 1860 950 1808 1466 1660 1791 1620 2227 1900 2091 2244 1987 2044 2255 1828 2439
white_tiger 691 1623 683 1491 611 1277 594 837 778 1210 895 1392 905 1066 1042 533 1091 1046 1116 1315 1191 956 1340 436 1407 984 1365 1392 1567 1063 1840 633 1758 1156 1621 1464 1569 1897 1940 1820 2301 1788 2077 1972 1761 2191
